{
 "cells": [
  {
   "cell_type": "markdown",
   "metadata": {},
   "source": [
    "# Example 2\n",
    "\n",
    "This is a jupyter notebook example of how to calculate and plot initial rates data as used in the BAM:Fab paper"
   ]
  },
  {
   "cell_type": "code",
   "execution_count": 2,
   "metadata": {},
   "outputs": [],
   "source": [
    "from pathlib import Path\n",
    "import sys\n",
    "from matplotlib import pyplot as plt"
   ]
  },
  {
   "cell_type": "code",
   "execution_count": 3,
   "metadata": {},
   "outputs": [],
   "source": [
    "# replace the path with where you have put the gelkineticsfit folder\n",
    "\n",
    "root_dir = Path(\"/Users/samuelhaysom/Library/CloudStorage/OneDrive-UniversityofLeeds/PhD Mechanistic Biology (2018-22)/Computing/BAM_folding_fitting/gelkineticsfit/\")\n",
    "sys.path.append(str(root_dir))\n",
    "from gelkineticsfit import parse, plots, calcs"
   ]
  },
  {
   "cell_type": "markdown",
   "metadata": {},
   "source": [
    "Paths to raw data"
   ]
  },
  {
   "cell_type": "code",
   "execution_count": 8,
   "metadata": {},
   "outputs": [],
   "source": [
    "OmpX_file = \"OmpX raw kinetics_DarB.xlsx\"\n",
    "tOmpA_file = \"tOmpA raw kinetics_DarB.xlsx\""
   ]
  },
  {
   "cell_type": "markdown",
   "metadata": {},
   "source": [
    "# Processing\n",
    "1. Parse the raw data\n",
    "2. Fit single exponential decay function to each folding reaction within each condition\n",
    "3. Take single exponential decay fits and fit a linear function to the first 540s of each reaction to get initial rate (slope of linear eq)\n",
    "4. Convert each initial rate to a percentage of that of the mean initial rate for WT BAM"
   ]
  },
  {
   "cell_type": "code",
   "execution_count": 9,
   "metadata": {},
   "outputs": [
    {
     "name": "stdout",
     "output_type": "stream",
     "text": [
      "Condition: WT BAM\n",
      "191126_WT_OmpX_FOLDING: \n",
      "k: 1.82E-04 y0: -1.00E-06 plateau: 0.9999999999999999\n",
      "pcov: [[ 1.95009407e-10 -6.97445833e-08 -5.01256380e-07]\n",
      " [-6.97445833e-08  8.50301135e-05  1.36128522e-04]\n",
      " [-5.01256380e-07  1.36128522e-04  1.44590596e-03]]\n",
      "191127_WT-OmpX_FOLD: \n",
      "k: 1.78E-04 y0: -1.00E-06 plateau: 0.9730677910591937\n",
      "pcov: [[ 1.01435668e-10 -3.52002604e-08 -2.62654389e-07]\n",
      " [-3.52002604e-08  4.15681491e-05  6.95921177e-05]\n",
      " [-2.62654389e-07  6.95921177e-05  7.59421563e-04]]\n",
      "191128_WT_OmpX_FOLDING: \n",
      "k: 1.89E-04 y0: -1.00E-06 plateau: 0.9999999999999999\n",
      "pcov: [[ 4.63993269e-11 -1.66640927e-08 -1.12272047e-07]\n",
      " [-1.66640927e-08  2.04623006e-05  3.03215674e-05]\n",
      " [-1.12272047e-07  3.03215674e-05  3.07664255e-04]]\n",
      "Charlotte BAM WT OmpX 141119: \n",
      "k: 3.33E-04 y0: -1.00E-06 plateau: 0.8720757902645813\n",
      "pcov: [[ 5.59279587e-10 -1.64223888e-07 -4.49737915e-07]\n",
      " [-1.64223888e-07  1.71284417e-04  8.37341726e-05]\n",
      " [-4.49737915e-07  8.37341726e-05  5.11196649e-04]]\n",
      "Charlotte BAM WT OmpX 2 211119: \n",
      "k: 4.15E-04 y0: 1.00E-06 plateau: 0.8608756324660359\n",
      "pcov: [[ 1.56005368e-09 -4.14474102e-07 -8.43272738e-07]\n",
      " [-4.14474102e-07  3.93599322e-04  1.33052053e-04]\n",
      " [-8.43272738e-07  1.33052053e-04  7.27853879e-04]]\n",
      "OmpX bandshift BAM: \n",
      "k: 3.85E-04 y0: 1.00E-06 plateau: 0.8012481659922244\n",
      "pcov: [[ 2.30207966e-09 -5.88409119e-07 -1.32002103e-06]\n",
      " [-5.88409119e-07  5.36839482e-04  2.04707995e-04]\n",
      " [-1.32002103e-06  2.04707995e-04  1.15780542e-03]]\n",
      "OmpX bandshift BAM new cleaved SurA_2: \n",
      "k: 3.07E-04 y0: 1.00E-06 plateau: 0.7109957730746141\n",
      "pcov: [[ 5.36867047e-10 -1.31706675e-07 -4.06810046e-07]\n",
      " [-1.31706675e-07  1.14310153e-04  6.49544803e-05]\n",
      " [-4.06810046e-07  6.49544803e-05  4.17839770e-04]]\n",
      "Condition: BAM-Fab1\n",
      "FAB1_1: \n",
      "k: 1.11E-04 y0: 1.00E-06 plateau: 0.1918705786477305\n",
      "pcov: [[ 1.54196645e-09 -9.19757606e-08 -1.60981991e-06]\n",
      " [-9.19757606e-08  1.80228456e-05  8.09057451e-05]\n",
      " [-1.60981991e-06  8.09057451e-05  1.75007889e-03]]\n",
      "FAB1_2: \n",
      "k: 7.94E-05 y0: 1.00E-06 plateau: 0.2732585593783177\n",
      "pcov: [[ 5.43038342e-10 -3.87594900e-08 -1.29486986e-06]\n",
      " [-3.87594900e-08  8.90510601e-06  8.17848574e-05]\n",
      " [-1.29486986e-06  8.17848574e-05  3.14788414e-03]]\n",
      "Condition: BAM-P5L\n",
      "Charlotte BAM PL OmpX 141119: \n",
      "k: 3.24E-05 y0: -1.00E-06 plateau: 0.9999999999999999\n",
      "pcov: [[ 1.35937977e-09 -1.85191921e-07 -3.59342898e-05]\n",
      " [-1.85191921e-07  7.86269705e-05  4.65710729e-03]\n",
      " [-3.59342898e-05  4.65710729e-03  9.52628549e-01]]\n",
      "Charlotte BAM PL OmpX 2 211119: \n",
      "k: 2.14E-04 y0: -1.00E-06 plateau: 0.4269260682191242\n",
      "pcov: [[ 8.76108999e-10 -1.35223278e-07 -7.36244493e-07]\n",
      " [-1.35223278e-07  7.20689504e-05  8.25542423e-05]\n",
      " [-7.36244493e-07  8.25542423e-05  7.25944313e-04]]\n",
      "Condition: BAM-LL\n",
      "191126_LL1_OmpX_FOLDING: \n",
      "k: 1.69E-05 y0: -1.00E-06 plateau: 0.9999999999998336\n",
      "pcov: [[ 6.69256437e-10 -5.15450804e-08 -3.65614910e-05]\n",
      " [-5.15450804e-08  1.22377694e-05  2.74359584e-03]\n",
      " [-3.65614910e-05  2.74359584e-03  1.99884882e+00]]\n",
      "191127_LL-OmpX_FOLD: \n",
      "k: 2.15E-05 y0: -1.00E-06 plateau: 0.9999999999999999\n",
      "pcov: [[ 1.73833708e-09 -1.66524189e-07 -7.28658704e-05]\n",
      " [-1.66524189e-07  4.93354286e-05  6.75258948e-03]\n",
      " [-7.28658704e-05  6.75258948e-03  3.05807614e+00]]\n",
      "191128_LL_OmpX_FOLDING: \n",
      "k: 3.45E-05 y0: -1.00E-06 plateau: 0.999999999999971\n",
      "pcov: [[ 8.98481943e-10 -1.28948768e-07 -2.20761631e-05]\n",
      " [-1.28948768e-07  5.77616143e-05  3.00430576e-03]\n",
      " [-2.20761631e-05  3.00430576e-03  5.44201701e-01]]\n",
      "Condition: Empty\n",
      "Charlotte Empty OmpX 141119: \n",
      "k: -1.43E-13 y0: 5.57E-10 plateau: 0.5978895389640716\n",
      "pcov: [[ 5.35826916e-27 -9.82113689e-24  0.00000000e+00]\n",
      " [-9.82113689e-24  3.88418319e-20  0.00000000e+00]\n",
      " [ 0.00000000e+00  0.00000000e+00  0.00000000e+00]]\n",
      "Charlotte Empty OmpX 211119: \n",
      "k: -1.43E-13 y0: 5.57E-10 plateau: 0.5978895389640716\n",
      "pcov: [[ 5.35826916e-27 -9.82113689e-24  0.00000000e+00]\n",
      " [-9.82113689e-24  3.88418319e-20  0.00000000e+00]\n",
      " [ 0.00000000e+00  0.00000000e+00  0.00000000e+00]]\n",
      "Condition: BamA\n",
      "BamA PLE OmpX folding assay 1: \n",
      "k: 3.70E-06 y0: -1.00E-06 plateau: 0.999999999999501\n",
      "pcov: [[ 6.15712677e-09 -1.11789425e-07 -1.63513200e-03]\n",
      " [-1.11789425e-07  6.19906928e-06  2.95181049e-02]\n",
      " [-1.63513200e-03  2.95181049e-02  4.34252883e+02]]\n",
      "BamA PLE OmpX folding assay 2: \n",
      "k: 1.18E-04 y0: -1.00E-06 plateau: 0.05661077390659703\n",
      "pcov: [[ 1.05984571e-08 -1.90824825e-07 -3.01498548e-06]\n",
      " [-1.90824825e-07  1.13293549e-05  4.53058740e-05]\n",
      " [-3.01498548e-06  4.53058740e-05  8.97692325e-04]]\n",
      "Condition: BAM-P5L + DTT\n",
      "Charlotte BAM PL DTT OmpX 141119: \n",
      "k: 8.90E-04 y0: 1.00E-06 plateau: 0.9255775756413448\n",
      "pcov: [[ 4.48832951e-09 -7.89676683e-07 -6.83708850e-07]\n",
      " [-7.89676683e-07  4.76360857e-04  6.26647567e-05]\n",
      " [-6.83708850e-07  6.26647567e-05  2.66666360e-04]]\n",
      "Charlotte BAM PL DTT OmpX 2 211119: \n",
      "k: 7.80E-04 y0: 1.00E-06 plateau: 0.8832649524003341\n",
      "pcov: [[ 4.38988448e-09 -8.11700465e-07 -8.03870205e-07]\n",
      " [-8.11700465e-07  5.21769790e-04  7.83960739e-05]\n",
      " [-8.03870205e-07  7.83960739e-05  3.46405707e-04]]\n",
      "Condition: BAM-LL + DTT\n",
      "191126_LL-DTT_OmpX_FOLDING: \n",
      "k: 4.18E-04 y0: 1.00E-06 plateau: 0.9496904021271819\n",
      "pcov: [[ 1.55892771e-10 -4.55504811e-08 -9.18979331e-08]\n",
      " [-4.55504811e-08  4.75765963e-05  1.59175275e-05]\n",
      " [-9.18979331e-08  1.59175275e-05  8.68353534e-05]]\n",
      "191127_LL-DTT-OmpX_FOLD: \n",
      "k: 3.19E-04 y0: 1.00E-06 plateau: 0.9670357034703888\n",
      "pcov: [[ 5.42463933e-11 -1.79091119e-08 -5.23141125e-08]\n",
      " [-1.79091119e-08  2.09582097e-05  1.11063847e-05]\n",
      " [-5.23141125e-08  1.11063847e-05  6.96903211e-05]]\n",
      "191128_LL-dtt_OmpX_FOLDING: \n",
      "k: 4.35E-04 y0: -1.00E-06 plateau: 0.978191317101217\n",
      "pcov: [[ 4.07829552e-10 -1.20275050e-07 -2.30020462e-07]\n",
      " [-1.20275050e-07  1.26839655e-04  3.97539861e-05]\n",
      " [-2.30020462e-07  3.97539861e-05  2.13169604e-04]]\n",
      "Condition: BAM-P5L + Fab1\n",
      "200212_P5L-Fab1_OmpX_folding: \n",
      "k: 1.26E-04 y0: 1.00E-06 plateau: 0.13334751567075281\n",
      "pcov: [[ 4.85616500e-09 -2.11174098e-07 -2.95493713e-06]\n",
      " [-2.11174098e-07  3.04212463e-05  1.05964455e-04]\n",
      " [-2.95493713e-06  1.05964455e-04  1.89504910e-03]]\n",
      "200309_P5L-Fab1_OmpX_folding: \n",
      "k: 1.18E-05 y0: -1.00E-06 plateau: 0.9999999999999999\n",
      "pcov: [[ 1.15672348e-09 -6.38349746e-08 -9.28847024e-05]\n",
      " [-6.38349746e-08  1.08204920e-05  5.03373556e-03]\n",
      " [-9.28847024e-05  5.03373556e-03  7.46130331e+00]]\n",
      "Condition: BAM-LL + Fab1\n",
      "LL:Fab1_OmpX_1: \n",
      "k: 1.47E-06 y0: -1.00E-06 plateau: 0.9999999999997676\n",
      "pcov: [[ 1.66777040e-08 -1.22510079e-07 -1.12627392e-02]\n",
      " [-1.22510079e-07  2.74488699e-06  8.25438350e-02]\n",
      " [-1.12627392e-02  8.25438350e-02  7.60596300e+03]]\n",
      "LL:Fab1_OmpX_2: \n",
      "k: 9.93E-05 y0: 1.00E-06 plateau: 0.05354802399349436\n",
      "pcov: [[ 1.51658710e-08 -2.39431172e-07 -5.20714237e-06]\n",
      " [-2.39431172e-07  1.23254633e-05  7.05554590e-05]\n",
      " [-5.20714237e-06  7.05554590e-05  1.84506303e-03]]\n",
      "Condition: WT BAM + DAR-B\n",
      "220304_BAM-WT_DAR-B_OmpX_FOLDING: \n",
      "k: 9.54E-05 y0: -1.00E-06 plateau: 0.09322066698244252\n",
      "pcov: [[ 2.59094097e-09 -6.97947599e-08 -1.63873165e-06]\n",
      " [-6.97947599e-08  6.11534460e-06  3.81149728e-05]\n",
      " [-1.63873165e-06  3.81149728e-05  1.06681119e-03]]\n",
      "220310_BAM-WT_OmpX_Dar-B_FOLDINJG: \n",
      "k: 4.71E-06 y0: -1.00E-06 plateau: 0.9999999999999964\n",
      "pcov: [[ 1.32083823e-08 -3.03758141e-07 -2.73852407e-03]\n",
      " [-3.03758141e-07  2.13509281e-05  6.25213147e-02]\n",
      " [-2.73852407e-03  6.25213147e-02  5.67816700e+02]]\n",
      "Condition: WT BAM + 1% DMSO\n",
      "220304_BAM-WT_DAR-B_OmpX_FOLDING: \n",
      "k: 1.67E-04 y0: -1.00E-06 plateau: 0.7294299702569605\n",
      "pcov: [[ 6.71539150e-10 -1.72805768e-07 -1.44874755e-06]\n",
      " [-1.72805768e-07  1.50525138e-04  2.89339539e-04]\n",
      " [-1.44874755e-06  2.89339539e-04  3.44073558e-03]]\n",
      "220310_BAM-WT_OmpX_FOLDINJG: \n",
      "k: 2.97E-04 y0: 1.00E-06 plateau: 0.6080874170388336\n",
      "pcov: [[ 8.75924807e-10 -1.85357431e-07 -6.01998547e-07]\n",
      " [-1.85357431e-07  1.38512076e-04  8.38019260e-05]\n",
      " [-6.01998547e-07  8.38019260e-05  5.51782417e-04]]\n",
      "Condition: WT BAM\n",
      "191126_WT_OmpX_FOLDING:\n",
      "popt:\n",
      "m: 1.73E-04 c: 7.71E-04\n",
      "pcov:\n",
      "m: [ 4.84351193e-15 -1.30774823e-12] c: [-1.30774823e-12  4.71025105e-10]\n",
      "191127_WT-OmpX_FOLD:\n",
      "popt:\n",
      "m: 1.65E-04 c: 7.19E-04\n",
      "pcov:\n",
      "m: [ 4.21644568e-15 -1.13844022e-12] c: [-1.13844022e-12  4.10043545e-10]\n",
      "191128_WT_OmpX_FOLDING:\n",
      "popt:\n",
      "m: 1.79E-04 c: 8.30E-04\n",
      "pcov:\n",
      "m: [ 5.60282915e-15 -1.51276384e-12] c: [-1.51276384e-12  5.44867663e-10]\n",
      "Charlotte BAM WT OmpX 141119:\n",
      "popt:\n",
      "m: 2.66E-04 c: 2.19E-03\n",
      "pcov:\n",
      "m: [ 3.83294045e-14 -1.03489394e-11] c: [-1.03489394e-11  3.72748276e-09]\n",
      "Charlotte BAM WT OmpX 2 211119:\n",
      "popt:\n",
      "m: 3.20E-04 c: 3.29E-03\n",
      "pcov:\n",
      "m: [ 8.58387618e-14 -2.31764654e-11] c: [-2.31764654e-11  8.34770388e-09]\n",
      "OmpX bandshift BAM:\n",
      "popt:\n",
      "m: 2.78E-04 c: 2.66E-03\n",
      "pcov:\n",
      "m: [ 5.61082538e-14 -1.51492289e-11] c: [-1.51492289e-11  5.45645240e-09]\n",
      "OmpX bandshift BAM new cleaved SurA_2:\n",
      "popt:\n",
      "m: 2.01E-04 c: 1.52E-03\n",
      "pcov:\n",
      "m: [ 1.85381796e-14 -5.00530862e-12] c: [-5.00530862e-12  1.80281319e-09]\n",
      "Condition: BAM-Fab1\n",
      "FAB1_1:\n",
      "popt:\n",
      "m: 2.07E-05 c: 5.74E-05\n",
      "pcov:\n",
      "m: [ 2.60662696e-17 -7.03789291e-15] c: [-7.03789291e-15  2.53491053e-12]\n",
      "FAB1_2:\n",
      "popt:\n",
      "m: 2.12E-05 c: 4.21E-05\n",
      "pcov:\n",
      "m: [ 1.38488875e-17 -3.73919957e-15] c: [-3.73919957e-15  1.34678533e-12]\n",
      "Condition: BAM-P5L\n",
      "Charlotte BAM PL OmpX 141119:\n",
      "popt:\n",
      "m: 3.21E-05 c: 2.43E-05\n",
      "pcov:\n",
      "m: [ 5.26245644e-18 -1.42086325e-15] c: [-1.42086325e-15  5.11766238e-13]\n",
      "Charlotte BAM PL OmpX 2 211119:\n",
      "popt:\n",
      "m: 8.63E-05 c: 4.53E-04\n",
      "pcov:\n",
      "m: [ 1.66498737e-15 -4.49546630e-13] c: [-4.49546630e-13  1.61917818e-10]\n",
      "Condition: BAM-LL\n",
      "191126_LL1_OmpX_FOLDING:\n",
      "popt:\n",
      "m: 1.68E-05 c: 5.88E-06\n",
      "pcov:\n",
      "m: [ 3.90677373e-19 -1.05483135e-16] c: [-1.05483135e-16  3.79930942e-14]\n",
      "191127_LL-OmpX_FOLD:\n",
      "popt:\n",
      "m: 2.14E-05 c: 1.02E-05\n",
      "pcov:\n",
      "m: [ 1.02878765e-18 -2.77772548e-16] c: [-2.77772548e-16  1.00048089e-13]\n",
      "191128_LL_OmpX_FOLDING:\n",
      "popt:\n",
      "m: 3.42E-05 c: 2.76E-05\n",
      "pcov:\n",
      "m: [ 6.76890493e-18 -1.82760426e-15] c: [-1.82760426e-15  6.58266211e-13]\n",
      "Condition: Empty\n",
      "Charlotte Empty OmpX 141119:\n",
      "popt:\n",
      "m: -8.58E-14 c: 5.57E-10\n",
      "pcov:\n",
      "m: [ 1.03255777e-40 -2.78790596e-38] c: [-2.78790596e-38  1.00414847e-35]\n",
      "Charlotte Empty OmpX 211119:\n",
      "popt:\n",
      "m: -8.58E-14 c: 5.57E-10\n",
      "pcov:\n",
      "m: [ 1.03255777e-40 -2.78790596e-38] c: [-2.78790596e-38  1.00414847e-35]\n",
      "Condition: BamA\n",
      "BamA PLE OmpX folding assay 1:\n",
      "popt:\n",
      "m: 3.69E-06 c: -6.68E-07\n",
      "pcov:\n",
      "m: [ 9.10055648e-22 -2.45715564e-19] c: [-2.45715564e-19  8.85025169e-17]\n",
      "BamA PLE OmpX folding assay 2:\n",
      "popt:\n",
      "m: 6.45E-06 c: 1.76E-05\n",
      "pcov:\n",
      "m: [ 2.81442803e-18 -7.59895545e-16] c: [-7.59895545e-16  2.73699326e-13]\n",
      "Condition: BAM-P5L + DTT\n",
      "Charlotte BAM PL DTT OmpX 141119:\n",
      "popt:\n",
      "m: 6.52E-04 c: 1.48E-02\n",
      "pcov:\n",
      "m: [ 1.63976132e-12 -4.42735566e-10] c: [-4.42735566e-10  1.59464575e-07]\n",
      "Charlotte BAM PL DTT OmpX 2 211119:\n",
      "popt:\n",
      "m: 5.61E-04 c: 1.11E-02\n",
      "pcov:\n",
      "m: [ 9.32443204e-13 -2.51759661e-10] c: [-2.51759661e-10  9.06788383e-08]\n",
      "Condition: BAM-LL + DTT\n",
      "191126_LL-DTT_OmpX_FOLDING:\n",
      "popt:\n",
      "m: 3.55E-04 c: 3.68E-03\n",
      "pcov:\n",
      "m: [ 1.07073681e-13 -2.89098944e-11] c: [-2.89098944e-11  1.04127716e-08]\n",
      "191127_LL-DTT-OmpX_FOLD:\n",
      "popt:\n",
      "m: 2.83E-04 c: 2.23E-03\n",
      "pcov:\n",
      "m: [ 3.96949575e-14 -1.07176390e-11] c: [-1.07176390e-11  3.86028116e-09]\n",
      "191128_LL-dtt_OmpX_FOLDING:\n",
      "popt:\n",
      "m: 3.79E-04 c: 4.10E-03\n",
      "pcov:\n",
      "m: [ 1.33061287e-13 -3.59265473e-11] c: [-3.59265473e-11  1.29400289e-08]\n",
      "Condition: BAM-P5L + Fab1\n",
      "200212_P5L-Fab1_OmpX_folding:\n",
      "popt:\n",
      "m: 1.62E-05 c: 5.07E-05\n",
      "pcov:\n",
      "m: [ 2.01903531e-17 -5.45139514e-15] c: [-5.45139514e-15  1.96348399e-12]\n",
      "200309_P5L-Fab1_OmpX_folding:\n",
      "popt:\n",
      "m: 1.17E-05 c: 2.35E-06\n",
      "pcov:\n",
      "m: [ 9.26221683e-20 -2.50080208e-17] c: [-2.50080208e-17  9.00741204e-15]\n",
      "Condition: BAM-LL + Fab1\n",
      "LL:Fab1_OmpX_1:\n",
      "popt:\n",
      "m: 1.47E-06 c: -9.48E-07\n",
      "pcov:\n",
      "m: [ 2.27660657e-23 -6.14683945e-21] c: [-6.14683945e-21  2.21396726e-18]\n",
      "LL:Fab1_OmpX_2:\n",
      "popt:\n",
      "m: 5.18E-06 c: 1.35E-05\n",
      "pcov:\n",
      "m: [ 1.28998056e-18 -3.48294758e-16] c: [-3.48294758e-16  1.25448872e-13]\n",
      "Condition: WT BAM + DAR-B\n",
      "220304_BAM-WT_DAR-B_OmpX_FOLDING:\n",
      "popt:\n",
      "m: 8.67E-06 c: 1.92E-05\n",
      "pcov:\n",
      "m: [ 3.33491152e-18 -9.00426173e-16] c: [-9.00426173e-16  3.24315604e-13]\n",
      "220310_BAM-WT_OmpX_Dar-B_FOLDINJG:\n",
      "popt:\n",
      "m: 4.71E-06 c: -4.61E-07\n",
      "pcov:\n",
      "m: [ 2.40017123e-21 -6.48046885e-19] c: [-6.48046885e-19  2.33409963e-16]\n",
      "Condition: WT BAM + 1% DMSO\n",
      "220304_BAM-WT_DAR-B_OmpX_FOLDING:\n",
      "popt:\n",
      "m: 1.16E-04 c: 4.73E-04\n",
      "pcov:\n",
      "m: [ 1.82890709e-15 -4.93804935e-13] c: [-4.93804935e-13  1.77858759e-10]\n",
      "220310_BAM-WT_OmpX_FOLDINJG:\n",
      "popt:\n",
      "m: 1.67E-04 c: 1.22E-03\n",
      "pcov:\n",
      "m: [ 1.19090325e-14 -3.21543868e-12] c: [-3.21543868e-12  1.15813707e-09]\n",
      "Condition: WT BAM\n",
      "Condition: BAM-Fab1\n",
      "Condition: BAM-P5L\n",
      "Condition: BAM-LL\n",
      "Condition: Empty\n",
      "Condition: BamA\n",
      "Condition: BAM-P5L + DTT\n",
      "Condition: BAM-LL + DTT\n",
      "Condition: BAM-P5L + Fab1\n",
      "Condition: BAM-LL + Fab1\n",
      "Condition: WT BAM + DAR-B\n",
      "Condition: WT BAM + 1% DMSO\n"
     ]
    }
   ],
   "source": [
    "OmpX_data_dict = parse.parse_raw_kinetics_xlsx(OmpX_file)\n",
    "OmpX_fitting_dict = calcs.get_fit_params_dict2(OmpX_data_dict)\n",
    "OmpX_init_rat_dict = calcs.calculate_init_rate2(OmpX_fitting_dict)\n",
    "OmpX_norm_WTBAM_init_rate_dict = calcs.init_rates_as_percent_control(OmpX_init_rat_dict, \"WT BAM\")\n"
   ]
  },
  {
   "cell_type": "code",
   "execution_count": 10,
   "metadata": {},
   "outputs": [
    {
     "name": "stdout",
     "output_type": "stream",
     "text": [
      "Condition: WT BAM\n",
      "BAM tOmpA folding: \n",
      "k: 1.07E-03 y0: 1.00E-06 plateau: 0.9409777543553611\n",
      "pcov: [[ 3.29356937e-09 -5.14283232e-07 -3.72504700e-07]\n",
      " [-5.14283232e-07  2.69987120e-04  2.97895537e-05]\n",
      " [-3.72504700e-07  2.97895537e-05  1.21629851e-04]]\n",
      "BAM tOmpA folding repeat: \n",
      "k: 1.01E-03 y0: 1.00E-06 plateau: 0.9246531720177416\n",
      "pcov: [[ 5.83717689e-09 -9.35422852e-07 -7.16481283e-07]\n",
      " [-9.35422852e-07  5.07053397e-04  5.91422382e-05]\n",
      " [-7.16481283e-07  5.91422382e-05  2.44243184e-04]]\n",
      "Charlotte BAM WT tOmpA 071119: \n",
      "k: 1.05E-03 y0: 1.00E-06 plateau: 0.9503934899306294\n",
      "pcov: [[ 1.06508376e-08 -1.69439679e-06 -1.24095858e-06]\n",
      " [-1.69439679e-06  9.07333175e-04  1.01227731e-04]\n",
      " [-1.24095858e-06  1.01227731e-04  4.14187210e-04]]\n",
      "Charlotte BAM WT tOmpA 2 221119: \n",
      "k: 9.63E-04 y0: -1.00E-06 plateau: 0.9487365770665019\n",
      "pcov: [[ 4.12535261e-10 -7.01663206e-08 -5.61763526e-08]\n",
      " [-7.01663206e-08  4.05664129e-05  4.94240308e-06]\n",
      " [-5.61763526e-08  4.94240308e-06  2.06190778e-05]]\n",
      "Condition: BAM-Fab1\n",
      "FAB1_1: \n",
      "k: 1.76E-04 y0: -1.00E-06 plateau: 0.6134247566823845\n",
      "pcov: [[ 2.41847012e-10 -5.28414754e-08 -4.00295388e-07]\n",
      " [-5.28414754e-08  3.92616376e-05  6.69242083e-05]\n",
      " [-4.00295388e-07  6.69242083e-05  7.38373104e-04]]\n",
      "FAB1_2: \n",
      "k: 1.99E-04 y0: -1.00E-06 plateau: 0.6468337296288199\n",
      "pcov: [[ 3.04793087e-10 -7.10972634e-08 -4.38606048e-07]\n",
      " [-7.10972634e-08  5.69351617e-05  7.58810120e-05]\n",
      " [-4.38606048e-07  7.58810120e-05  7.24605862e-04]]\n",
      "Condition: BAM-P5L\n",
      "Charlotte BAM PL ox tOmpA 071119: \n",
      "k: 3.35E-04 y0: 1.00E-06 plateau: 0.6583504541968499\n",
      "pcov: [[ 6.32372577e-09 -1.39956290e-06 -3.80631893e-06]\n",
      " [-1.39956290e-06  1.10046725e-03  5.33334490e-04]\n",
      " [-3.80631893e-06  5.33334490e-04  3.24668973e-03]]\n",
      "Charlotte BAM PL tOmpA 2 221119: \n",
      "k: 1.49E-04 y0: -1.00E-06 plateau: 0.7429424468217961\n",
      "pcov: [[ 1.37067846e-10 -3.50225801e-08 -3.59578885e-07]\n",
      " [-3.50225801e-08  3.00232518e-05  7.31917058e-05]\n",
      " [-3.59578885e-07  7.31917058e-05  1.01741083e-03]]\n",
      "Condition: BAM-LL\n",
      "191205_LL_tOmpA_FOLD: \n",
      "k: 1.63E-04 y0: -1.00E-06 plateau: 0.8033630276875786\n",
      "pcov: [[ 1.43434863e-10 -4.04552816e-08 -3.54383568e-07]\n",
      " [-4.04552816e-08  3.85484662e-05  7.80341700e-05]\n",
      " [-3.54383568e-07  7.80341700e-05  9.59217725e-04]]\n",
      "191211_LL_tOmpA_FOLDING: \n",
      "k: 1.57E-04 y0: -1.00E-06 plateau: 0.8298907846854426\n",
      "pcov: [[ 1.74379128e-10 -5.04059247e-08 -4.71483778e-07]\n",
      " [-5.04059247e-08  4.90818393e-05  1.07314820e-04]\n",
      " [-4.71483778e-07  1.07314820e-04  1.38709281e-03]]\n",
      "Condition: Empty\n",
      "Charlotte Empty tOmpA 081119: \n",
      "k: -1.43E-13 y0: 5.57E-10 plateau: 0.5978895389640716\n",
      "pcov: [[ 5.35826916e-27 -9.82113689e-24  0.00000000e+00]\n",
      " [-9.82113689e-24  3.88418319e-20  0.00000000e+00]\n",
      " [ 0.00000000e+00  0.00000000e+00  0.00000000e+00]]\n",
      "Charlotte Empty tOmpA 221119: \n",
      "k: -1.43E-13 y0: 5.57E-10 plateau: 0.5978895389640716\n",
      "pcov: [[ 5.35826916e-27 -9.82113689e-24  0.00000000e+00]\n",
      " [-9.82113689e-24  3.88418319e-20  0.00000000e+00]\n",
      " [ 0.00000000e+00  0.00000000e+00  0.00000000e+00]]\n",
      "Condition: BamA\n",
      "BamA PLE tOmpA folding: \n",
      "k: 1.78E-05 y0: -1.00E-06 plateau: 0.9999999999999999\n",
      "pcov: [[ 1.33658336e-09 -1.08329270e-07 -6.87057382e-05]\n",
      " [-1.08329270e-07  2.70841526e-05  5.41741765e-03]\n",
      " [-6.87057382e-05  5.41741765e-03  3.53471345e+00]]\n",
      "BamA PLE tOmpA folding_2: \n",
      "k: 1.03E-04 y0: -1.00E-06 plateau: 0.2619800687117115\n",
      "pcov: [[ 1.82668054e-09 -1.43668226e-07 -2.90936698e-06]\n",
      " [-1.43668226e-07  3.69319207e-05  1.95248462e-04]\n",
      " [-2.90936698e-06  1.95248462e-04  4.79495299e-03]]\n",
      "Condition: BAM-P5L + DTT\n",
      "Charlotte BAM PL DTT tOmpA 081119: \n",
      "k: 2.68E-03 y0: 1.00E-06 plateau: 0.9499008498214302\n",
      "pcov: [[ 4.84478358e-08 -3.44522837e-06 -1.21131541e-06]\n",
      " [-3.44522837e-06  8.75858791e-04  3.40137667e-05]\n",
      " [-1.21131541e-06  3.40137667e-05  1.71164435e-04]]\n",
      "Charlotte BAM PL DTT tOmpA 2 221119: \n",
      "k: 2.14E-03 y0: 1.00E-06 plateau: 0.9801490907011562\n",
      "pcov: [[ 1.14462923e-09 -1.04335669e-07 -4.15196703e-08]\n",
      " [-1.04335669e-07  3.20997013e-05  1.64567273e-06]\n",
      " [-4.15196703e-08  1.64567273e-06  7.32465802e-06]]\n",
      "Condition: BAM-LL + DTT\n",
      "191205_LL-DTT_tOmpA_FOLD: \n",
      "k: 2.22E-03 y0: 1.00E-06 plateau: 0.9913061261943908\n",
      "pcov: [[ 2.96521200e-09 -2.64458384e-07 -1.02867709e-07]\n",
      " [-2.64458384e-07  8.01627537e-05  3.93238478e-06]\n",
      " [-1.02867709e-07  3.93238478e-06  1.78084045e-05]]\n",
      "191211_LL-DTT_tOmpA_FOLDING: \n",
      "k: 2.41E-03 y0: 1.00E-06 plateau: 0.9977476008859864\n",
      "pcov: [[ 2.85620073e-09 -2.36876506e-07 -8.77589195e-08]\n",
      " [-2.36876506e-07  6.80772054e-05  3.01165289e-06]\n",
      " [-8.77589195e-08  3.01165289e-06  1.42533183e-05]]\n",
      "Condition: BAM-P5L + Fab1\n",
      "200226_P5L-Fab1_tOmpA_folding: \n",
      "k: 1.63E-05 y0: -1.00E-06 plateau: 0.9999999999993434\n",
      "pcov: [[ 1.56248188e-09 -1.16735074e-07 -8.84880824e-05]\n",
      " [-1.16735074e-07  2.68744681e-05  6.44677835e-03]\n",
      " [-8.84880824e-05  6.44677835e-03  5.01484951e+00]]\n",
      "200228_P5L-Fab1_tOmpA_folding: \n",
      "k: 3.37E-05 y0: -1.00E-06 plateau: 0.7873571677242163\n",
      "pcov: [[ 8.73754349e-10 -9.68011270e-08 -1.73823914e-05]\n",
      " [-9.68011270e-08  3.34529596e-05  1.82836350e-03]\n",
      " [-1.73823914e-05  1.82836350e-03  3.46882146e-01]]\n",
      "Condition: BAM-LL + Fab1\n",
      "200128_LL-Fab1_tOmpA_folding: \n",
      "k: 7.48E-06 y0: -1.00E-06 plateau: 0.9999999999999999\n",
      "pcov: [[ 8.34194883e-09 -2.99631941e-07 -1.07549236e-03]\n",
      " [-2.99631941e-07  3.29584726e-05  3.81865289e-02]\n",
      " [-1.07549236e-03  3.81865289e-02  1.38678630e+02]]\n",
      "200217_LL-Fab1_tOmpA_folding: \n",
      "k: 7.68E-06 y0: -1.00E-06 plateau: 0.9999999999999764\n",
      "pcov: [[ 3.97489692e-09 -1.46526340e-07 -4.98276084e-04]\n",
      " [-1.46526340e-07  1.65434850e-05  1.81511742e-02]\n",
      " [-4.98276084e-04  1.81511742e-02  6.24712394e+01]]\n",
      "Condition: Cys-Free BAM\n",
      "21.5: \n",
      "k: 1.02E-03 y0: 1.00E-06 plateau: 0.9186413487572825\n",
      "pcov: [[ 3.94688768e-09 -6.61172279e-07 -6.21785818e-07]\n",
      " [-6.61172279e-07  3.59041756e-04  5.11967683e-05]\n",
      " [-6.21785818e-07  5.11967683e-05  2.24109063e-04]]\n",
      "10.5_1: \n",
      "k: 1.61E-03 y0: 1.00E-06 plateau: 0.922991267978568\n",
      "pcov: [[ 1.81785054e-08 -2.06633274e-06 -1.38906322e-06]\n",
      " [-2.06633274e-06  8.21423436e-04  7.18944435e-05]\n",
      " [-1.38906322e-06  7.18944435e-05  3.04871459e-04]]\n",
      "10.5_2: \n",
      "k: 9.30E-04 y0: 1.00E-06 plateau: 0.9095712628348335\n",
      "pcov: [[ 5.85796930e-09 -1.04345713e-06 -1.07101559e-06]\n",
      " [-1.04345713e-06  5.94056286e-04  9.64927379e-05]\n",
      " [-1.07101559e-06  9.64927379e-05  4.23522436e-04]]\n",
      "6.2.18: \n",
      "k: 9.67E-04 y0: 1.00E-06 plateau: 0.8961189754786384\n",
      "pcov: [[ 6.05537563e-09 -1.03329316e-06 -1.02309337e-06]\n",
      " [-1.03329316e-06  5.66665752e-04  8.72572608e-05]\n",
      " [-1.02309337e-06  8.72572608e-05  3.82532542e-04]]\n",
      "9.5.18: \n",
      "k: 1.27E-03 y0: 1.00E-06 plateau: 0.9313426491385138\n",
      "pcov: [[ 8.97639833e-09 -1.28215507e-06 -1.01760588e-06]\n",
      " [-1.28215507e-06  6.14745666e-04  6.80308555e-05]\n",
      " [-1.01760588e-06  6.80308555e-05  2.95547607e-04]]\n",
      "Condition: WT BAM + DTT\n",
      "22.5: \n",
      "k: 1.20E-03 y0: -1.00E-06 plateau: 0.9276176170987347\n",
      "pcov: [[ 6.08463607e-09 -1.53497877e-06 -6.34833547e-07]\n",
      " [-1.53497877e-06  7.61891912e-04  8.98221012e-05]\n",
      " [-6.34833547e-07  8.98221012e-05  1.69068151e-04]]\n",
      "2.2.18 _+25mM DTT): \n",
      "k: 6.12E-04 y0: 1.00E-06 plateau: 0.8898486367324893\n",
      "pcov: [[ 2.85272164e-09 -9.10428833e-07 -9.47389538e-07]\n",
      " [-9.10428833e-07  6.17510718e-04  1.95066065e-04]\n",
      " [-9.47389538e-07  1.95066065e-04  5.21014206e-04]]\n",
      "Condition: Cys-Free BAM + DTT\n",
      "21.5: \n",
      "k: 1.17E-03 y0: 1.00E-06 plateau: 0.9345126481586398\n",
      "pcov: [[ 7.89285156e-09 -2.03287168e-06 -8.67413628e-07]\n",
      " [-2.03287168e-06  1.03397744e-03  1.25564312e-04]\n",
      " [-8.67413628e-07  1.25564312e-04  2.39881042e-04]]\n",
      "14.2+25mMDTT: \n",
      "k: 1.61E-03 y0: 1.00E-06 plateau: 0.9594787416561769\n",
      "pcov: [[ 1.03273058e-08 -2.29053003e-06 -6.61892562e-07]\n",
      " [-2.29053003e-06  9.45706334e-04  8.26913428e-05]\n",
      " [-6.61892562e-07  8.26913428e-05  1.25660772e-04]]\n",
      "26.3 +25mMDTT: \n",
      "k: 1.56E-03 y0: 1.00E-06 plateau: 0.9422392935112075\n",
      "pcov: [[ 2.46440940e-08 -5.46788666e-06 -1.64497741e-06]\n",
      " [-5.46788666e-06  2.27564215e-03  2.04929199e-04]\n",
      " [-1.64497741e-06  2.04929199e-04  3.20353171e-04]]\n",
      "9.5 (25mM DTT): \n",
      "k: 1.26E-03 y0: 1.00E-06 plateau: 0.9113997487357723\n",
      "pcov: [[ 2.13657603e-08 -5.14967439e-06 -1.99779322e-06]\n",
      " [-5.14967439e-06  2.42258649e-03  2.69211457e-04]\n",
      " [-1.99779322e-06  2.69211457e-04  4.90708510e-04]]\n",
      "Condition: WT BAM + DAR-B\n",
      "220304_BAM-WT_DAR-B_tOmpA_FOLDING: \n",
      "k: 3.34E-05 y0: -1.00E-06 plateau: 0.9999999999913183\n",
      "pcov: [[ 2.19406080e-09 -3.07032033e-07 -5.58659350e-05]\n",
      " [-3.07032033e-07  1.34002763e-04  7.42495227e-03]\n",
      " [-5.58659350e-05  7.42495227e-03  1.42685238e+00]]\n",
      "220310_BAM-WT_tOmpA_Dar-B_FOLDINJG: \n",
      "k: 3.01E-05 y0: -1.00E-06 plateau: 0.9999999999999979\n",
      "pcov: [[ 1.28667345e-09 -1.64978095e-07 -3.69628908e-05]\n",
      " [-1.64978095e-07  6.58202461e-05  4.52444254e-03]\n",
      " [-3.69628908e-05  4.52444254e-03  1.06447411e+00]]\n",
      "Condition: WT BAM + 1% DMSO\n",
      "220304_BAM-WT_DAR-B_tOmpA_FOLDING: \n",
      "k: 4.54E-04 y0: -1.00E-06 plateau: 0.8212751845489197\n",
      "pcov: [[ 1.70869088e-10 -4.14393634e-08 -7.52977289e-08]\n",
      " [-4.14393634e-08  3.59392555e-05  1.05869911e-05]\n",
      " [-7.52977289e-08  1.05869911e-05  5.58706534e-05]]\n",
      "220310_BAM-WT_tOmpA_FOLDINJG: \n",
      "k: 4.68E-04 y0: 1.00E-06 plateau: 0.8665747441680105\n",
      "pcov: [[ 1.39705983e-09 -3.51759304e-07 -6.15428098e-07]\n",
      " [-3.51759304e-07  3.16678581e-04  8.91382840e-05]\n",
      " [-6.15428098e-07  8.91382840e-05  4.65012982e-04]]\n",
      "Condition: WT BAM\n",
      "BAM tOmpA folding:\n",
      "popt:\n",
      "m: 7.58E-04 c: 2.07E-02\n",
      "pcov:\n",
      "m: [ 3.17867047e-12 -8.58241017e-10] c: [-8.58241017e-10  3.09121398e-07]\n",
      "BAM tOmpA folding repeat:\n",
      "popt:\n",
      "m: 7.15E-04 c: 1.84E-02\n",
      "pcov:\n",
      "m: [ 2.51999284e-12 -6.80398068e-10] c: [-6.80398068e-10  2.45065889e-07]\n",
      "Charlotte BAM WT tOmpA 071119:\n",
      "popt:\n",
      "m: 7.60E-04 c: 2.05E-02\n",
      "pcov:\n",
      "m: [ 3.11817307e-12 -8.41906729e-10] c: [-8.41906729e-10  3.03238117e-07]\n",
      "Charlotte BAM WT tOmpA 2 221119:\n",
      "popt:\n",
      "m: 7.09E-04 c: 1.74E-02\n",
      "pcov:\n",
      "m: [ 2.26956081e-12 -6.12781425e-10] c: [-6.12781425e-10  2.20711730e-07]\n",
      "Condition: BAM-Fab1\n",
      "FAB1_1:\n",
      "popt:\n",
      "m: 1.03E-04 c: 4.46E-04\n",
      "pcov:\n",
      "m: [ 1.61998856e-15 -4.37396910e-13] c: [-4.37396910e-13  1.57541673e-10]\n",
      "FAB1_2:\n",
      "popt:\n",
      "m: 1.22E-04 c: 5.94E-04\n",
      "pcov:\n",
      "m: [ 2.86461606e-15 -7.73446330e-13] c: [-7.73446330e-13  2.78580023e-10]\n",
      "Condition: BAM-P5L\n",
      "Charlotte BAM PL ox tOmpA 071119:\n",
      "popt:\n",
      "m: 2.02E-04 c: 1.67E-03\n",
      "pcov:\n",
      "m: [ 2.22547501e-14 -6.00878275e-12] c: [-6.00878275e-12  2.16424459e-09]\n",
      "Charlotte BAM PL tOmpA 2 221119:\n",
      "popt:\n",
      "m: 1.06E-04 c: 3.86E-04\n",
      "pcov:\n",
      "m: [ 1.21765126e-15 -3.28765854e-13] c: [-3.28765854e-13  1.18414978e-10]\n",
      "Condition: BAM-LL\n",
      "191205_LL_tOmpA_FOLD:\n",
      "popt:\n",
      "m: 1.25E-04 c: 4.97E-04\n",
      "pcov:\n",
      "m: [ 2.01384189e-15 -5.43737330e-13] c: [-5.43737330e-13  1.95843422e-10]\n",
      "191211_LL_tOmpA_FOLDING:\n",
      "popt:\n",
      "m: 1.25E-04 c: 4.77E-04\n",
      "pcov:\n",
      "m: [ 1.86110594e-15 -5.02498542e-13] c: [-5.02498542e-13  1.80990003e-10]\n",
      "Condition: Empty\n",
      "Charlotte Empty tOmpA 081119:\n",
      "popt:\n",
      "m: -8.58E-14 c: 5.57E-10\n",
      "pcov:\n",
      "m: [ 1.03255777e-40 -2.78790596e-38] c: [-2.78790596e-38  1.00414847e-35]\n",
      "Charlotte Empty tOmpA 221119:\n",
      "popt:\n",
      "m: -8.58E-14 c: 5.57E-10\n",
      "pcov:\n",
      "m: [ 1.03255777e-40 -2.78790596e-38] c: [-2.78790596e-38  1.00414847e-35]\n",
      "Condition: BamA\n",
      "BamA PLE tOmpA folding:\n",
      "popt:\n",
      "m: 1.77E-05 c: 6.69E-06\n",
      "pcov:\n",
      "m: [ 4.88870724e-19 -1.31995013e-16] c: [-1.31995013e-16  4.75418301e-14]\n",
      "BamA PLE tOmpA folding_2:\n",
      "popt:\n",
      "m: 2.63E-05 c: 6.51E-05\n",
      "pcov:\n",
      "m: [ 3.58221570e-17 -9.67198093e-15] c: [-9.67198093e-15  3.48365379e-12]\n",
      "Condition: BAM-P5L + DTT\n",
      "Charlotte BAM PL DTT tOmpA 081119:\n",
      "popt:\n",
      "m: 1.30E-03 c: 9.64E-02\n",
      "pcov:\n",
      "m: [ 5.81528463e-11 -1.57012686e-08] c: [-1.57012686e-08  5.65528583e-06]\n",
      "Charlotte BAM PL DTT tOmpA 2 221119:\n",
      "popt:\n",
      "m: 1.22E-03 c: 7.04E-02\n",
      "pcov:\n",
      "m: [ 3.27881428e-11 -8.85279850e-09] c: [-8.85279850e-09  3.18860254e-06]\n",
      "Condition: BAM-LL + DTT\n",
      "191205_LL-DTT_tOmpA_FOLD:\n",
      "popt:\n",
      "m: 1.25E-03 c: 7.54E-02\n",
      "pcov:\n",
      "m: [ 3.72386972e-11 -1.00544483e-08] c: [-1.00544483e-08  3.62141302e-06]\n",
      "191211_LL-DTT_tOmpA_FOLDING:\n",
      "popt:\n",
      "m: 1.31E-03 c: 8.63E-02\n",
      "pcov:\n",
      "m: [ 4.79057000e-11 -1.29345391e-08] c: [-1.29345391e-08  4.65876475e-06]\n",
      "Condition: BAM-P5L + Fab1\n",
      "200226_P5L-Fab1_tOmpA_folding:\n",
      "popt:\n",
      "m: 1.62E-05 c: 5.43E-06\n",
      "pcov:\n",
      "m: [ 3.41999608e-19 -9.23396532e-17] c: [-9.23396532e-17  3.32587143e-14]\n",
      "200228_P5L-Fab1_tOmpA_folding:\n",
      "popt:\n",
      "m: 2.63E-05 c: 2.05E-05\n",
      "pcov:\n",
      "m: [ 3.81231218e-18 -1.02932447e-15] c: [-1.02932447e-15  3.70743118e-13]\n",
      "Condition: BAM-LL + Fab1\n",
      "200128_LL-Fab1_tOmpA_folding:\n",
      "popt:\n",
      "m: 7.46E-06 c: 3.55E-07\n",
      "pcov:\n",
      "m: [ 1.51851774e-20 -4.09998020e-18] c: [-4.09998020e-18  1.47669771e-15]\n",
      "200217_LL-Fab1_tOmpA_folding:\n",
      "popt:\n",
      "m: 7.67E-06 c: 4.30E-07\n",
      "pcov:\n",
      "m: [ 1.69209233e-20 -4.56862585e-18] c: [-4.56862585e-18  1.64547711e-15]\n",
      "Condition: Cys-Free BAM\n",
      "21.5:\n",
      "popt:\n",
      "m: 7.19E-04 c: 1.89E-02\n",
      "pcov:\n",
      "m: [ 2.64192555e-12 -7.13319885e-10] c: [-7.13319885e-10  2.56923676e-07]\n",
      "10.5_1:\n",
      "popt:\n",
      "m: 9.81E-04 c: 4.17E-02\n",
      "pcov:\n",
      "m: [ 1.21167028e-11 -3.27150978e-09] c: [-3.27150978e-09  1.17833299e-06]\n",
      "10.5_2:\n",
      "popt:\n",
      "m: 6.62E-04 c: 1.57E-02\n",
      "pcov:\n",
      "m: [ 1.84600597e-12 -4.98421613e-10] c: [-4.98421613e-10  1.79521593e-07]\n",
      "6.2.18:\n",
      "popt:\n",
      "m: 6.72E-04 c: 1.66E-02\n",
      "pcov:\n",
      "m: [ 2.05398860e-12 -5.54576915e-10] c: [-5.54576915e-10  1.99747609e-07]\n",
      "9.5.18:\n",
      "popt:\n",
      "m: 8.48E-04 c: 2.78E-02\n",
      "pcov:\n",
      "m: [ 5.60810667e-12 -1.51418879e-09] c: [-1.51418879e-09  5.45380774e-07]\n",
      "Condition: WT BAM + DTT\n",
      "22.5:\n",
      "popt:\n",
      "m: 8.12E-04 c: 2.51E-02\n",
      "pcov:\n",
      "m: [ 4.59582553e-12 -1.24087288e-09] c: [-1.24087288e-09  4.46937806e-07]\n",
      "2.2.18 _+25mM DTT):\n",
      "popt:\n",
      "m: 4.63E-04 c: 7.10E-03\n",
      "pcov:\n",
      "m: [ 3.91129033e-13 -1.05604840e-10] c: [-1.05604840e-10  3.80367718e-08]\n",
      "Condition: Cys-Free BAM + DTT\n",
      "21.5:\n",
      "popt:\n",
      "m: 8.04E-04 c: 2.42E-02\n",
      "pcov:\n",
      "m: [ 4.27616656e-12 -1.15456497e-09] c: [-1.15456497e-09  4.15851415e-07]\n",
      "14.2+25mMDTT:\n",
      "popt:\n",
      "m: 1.02E-03 c: 4.34E-02\n",
      "pcov:\n",
      "m: [ 1.31405908e-11 -3.54795949e-09] c: [-3.54795949e-09  1.27790468e-06]\n",
      "26.3 +25mMDTT:\n",
      "popt:\n",
      "m: 9.82E-04 c: 4.03E-02\n",
      "pcov:\n",
      "m: [ 1.13884223e-11 -3.07487399e-09] c: [-3.07487399e-09  1.10750866e-06]\n",
      "9.5 (25mM DTT):\n",
      "popt:\n",
      "m: 8.28E-04 c: 2.71E-02\n",
      "pcov:\n",
      "m: [ 5.30228709e-12 -1.43161753e-09] c: [-1.43161753e-09  5.15640280e-07]\n",
      "Condition: WT BAM + DAR-B\n",
      "220304_BAM-WT_DAR-B_tOmpA_FOLDING:\n",
      "popt:\n",
      "m: 3.31E-05 c: 2.59E-05\n",
      "pcov:\n",
      "m: [ 5.98850599e-18 -1.61689671e-15] c: [-1.61689671e-15  5.82374365e-13]\n",
      "220310_BAM-WT_tOmpA_Dar-B_FOLDINJG:\n",
      "popt:\n",
      "m: 2.99E-05 c: 2.09E-05\n",
      "pcov:\n",
      "m: [ 3.94185032e-18 -1.06430006e-15] c: [-1.06430006e-15  3.83340111e-13]\n",
      "Condition: WT BAM + 1% DMSO\n",
      "220304_BAM-WT_DAR-B_tOmpA_FOLDING:\n",
      "popt:\n",
      "m: 3.30E-04 c: 3.72E-03\n",
      "pcov:\n",
      "m: [ 1.09391512e-13 -2.95357078e-11] c: [-2.95357078e-11  1.06381759e-08]\n",
      "220310_BAM-WT_tOmpA_FOLDINJG:\n",
      "popt:\n",
      "m: 3.58E-04 c: 4.17E-03\n",
      "pcov:\n",
      "m: [ 1.36683028e-13 -3.69044167e-11] c: [-3.69044167e-11  1.32922387e-08]\n",
      "Condition: WT BAM\n",
      "Condition: BAM-Fab1\n",
      "Condition: BAM-P5L\n",
      "Condition: BAM-LL\n",
      "Condition: Empty\n",
      "Condition: BamA\n",
      "Condition: BAM-P5L + DTT\n",
      "Condition: BAM-LL + DTT\n",
      "Condition: BAM-P5L + Fab1\n",
      "Condition: BAM-LL + Fab1\n",
      "Condition: Cys-Free BAM\n",
      "Condition: WT BAM + DTT\n",
      "Condition: Cys-Free BAM + DTT\n",
      "Condition: WT BAM + DAR-B\n",
      "Condition: WT BAM + 1% DMSO\n"
     ]
    }
   ],
   "source": [
    "tOmpA_data_dict = parse.parse_raw_kinetics_xlsx(tOmpA_file)\n",
    "tOmpA_fitting_dict = calcs.get_fit_params_dict2(tOmpA_data_dict)\n",
    "tOmpA_init_rat_dict = calcs.calculate_init_rate2(tOmpA_fitting_dict)\n",
    "tOmpA_norm_WTBAM_init_rate_dict = calcs.init_rates_as_percent_control(tOmpA_init_rat_dict, \"WT BAM\")"
   ]
  },
  {
   "cell_type": "markdown",
   "metadata": {},
   "source": [
    "# Plotting\n",
    "\n",
    "1. Specify colours to use for each condition. These can be anything recognised by matplotlib e.g. values in matplotlib colour table or hexadecimal codes\n"
   ]
  },
  {
   "cell_type": "code",
   "execution_count": 5,
   "metadata": {},
   "outputs": [],
   "source": [
    "# Colours\n",
    "colours_dict = {\n",
    "    \"WT BAM + 1% DMSO\" : plt.cm.tab20(5), # lightgreen\n",
    "    \"WT BAM + DAR-B\" : plt.cm.tab20(1), # lightblue\n",
    "    # BAM-Fab paper colours\n",
    "    \"WT BAM\" : '#000000ff', # black\n",
    "    \"BAM-Fab1\" : '#ff0000ff', # red\n",
    "    \"BAM-P5L\" : '#009900fe', # green\n",
    "    \"BAM-P5L + DTT\" : '#d4aa00ff', # yellow\n",
    "    \"BAM-LL\" : '#0000ffff', # blue\n",
    "    \"BAM-LL + DTT\" : '#ff40d9ff', # BAM-LL + DTT\n",
    "    \"BamA\" : '#9039e6d5', # purple\n",
    "    \"Empty\" : '#777777fa' # grey\n",
    "}\n",
    "\n"
   ]
  },
  {
   "cell_type": "markdown",
   "metadata": {},
   "source": [
    "Plot the data. Dictionary and list comprehensions are used to filter the data before plotting. \n",
    "https://www.datacamp.com/community/tutorials/python-dictionary-comprehension\n",
    "https://www.w3schools.com/python/python_lists_comprehension.asp"
   ]
  },
  {
   "cell_type": "code",
   "execution_count": 30,
   "metadata": {},
   "outputs": [],
   "source": [
    "conds_list = [\n",
    "    \"WT BAM\",\n",
    "    \"BAM-Fab1\",\n",
    "    \"BAM-P5L\",\n",
    "    #\"BAM-P5L + DTT\",\n",
